"Scenario","Riera","Codi_HOBO","Latitud","Longitud","1","2","3","4","5","6","7","8","9","10","11","12"
"1","Scenario A1","T","MECTP8",41737200,1984032,0.822,1.676,1.617,1.348,0.832,0.785,0.785,0.766,0.766,0.617,0.613,0.613
"2","Scenario A1","T","MECTP9",41737260,1983757,0,0.865,1.773,1.348,0.832,0.785,0.785,0.766,0.766,0.617,0.613,0.613
"3","Scenario A1","T","MECTR7",41737260,1983756,0,0,0.674,1.375,0.832,0.785,0.785,0.766,0.766,0.617,0.613,0.613
"4","Scenario A1","T","MECTR10",41738010,1983185,0,0,0,0.375,0.879,0.828,0.824,0.805,0.805,0.617,0.613,0.613
"5","Scenario A1","T","MECTR6",41738338,1982688,0,0,0,0,0.631,1.395,0.953,0.832,0.828,0.629,0.625,0.625
"6","Scenario A1","T","MECTP5",41738338,1982689,0,0,0,0,0,0.521,1.176,0.867,0.863,0.656,0.652,0.652
"7","Scenario A1","T","MECTR4",41739000,1982445,0,0,0,0,0,0,0.445,1.066,0.879,0.656,0.652,0.652
"8","Scenario A1","T","MECTP3",41739375,1982355,0,0,0,0,0,0,0,0.535,1.195,0.742,0.734,0.734
"9","Scenario A1","T","MECTR2",41739627,1982025,0,0,0,0,0,0,0,0,0.375,0.852,0.824,0.824
"10","Scenario A1","T","MECTP14",41739728,1981542,0,0,0,0,0,0,0,0,0,0.932,1.895,1.887
"11","Scenario A1","T","MECTP12",41740022,1981257,0,0,0,0,0,0,0,0,0,0,0.992,1.986
"12","Scenario A1","T","MECTR11",41740147,1981228,0,0,0,0,0,0,0,0,0,0,0,0
"13","Scenario A2","T","MECTP8",41737200,1984032,45.079,91.697,106.91,727.902,1911.04,1984.475,2705.289,3144.464,3605.755,4536.638,5074.044,5215.083
"14","Scenario A2","T","MECTP9",41737260,1983757,0,0.111,0.287,631.891,1721.583,1784.803,2563.122,3029.122,3501.274,4401.751,4957.99,5107.902
"15","Scenario A2","T","MECTR7",41737260,1983756,0,0,292.729,420.499,1418.477,1481.807,2128.395,2523.059,2916.377,3740.346,4215.061,4342.545
"16","Scenario A2","T","MECTR10",41738010,1983185,0,0,0,332.63,383.804,410.443,857.476,1136.373,1415.577,2092.102,2462.252,2560.382
"17","Scenario A2","T","MECTR6",41738338,1982688,0,0,0,0,0.301,0.438,589.219,1028.741,1374.207,2030.914,2499.076,2628.873
"18","Scenario A2","T","MECTP5",41738338,1982689,0,0,0,0,0,289.38,370.957,875.399,1170.172,1790.173,2203.63,2318.03
"19","Scenario A2","T","MECTR4",41739000,1982445,0,0,0,0,0,0,179.266,219.639,557.16,1088.776,1476.51,1575.651
"20","Scenario A2","T","MECTP3",41739375,1982355,0,0,0,0,0,0,0,166.248,215.069,820.546,1188.819,1274.275
"21","Scenario A2","T","MECTR2",41739627,1982025,0,0,0,0,0,0,0,0,282.383,323.439,587.333,647.186
"22","Scenario A2","T","MECTP14",41739728,1981542,0,0,0,0,0,0,0,0,0,20.793,97.568,128.446
"23","Scenario A2","T","MECTP12",41740022,1981257,0,0,0,0,0,0,0,0,0,0,0.501,25.99
"24","Scenario A2","T","MECTR11",41740147,1981228,0,0,0,0,0,0,0,0,0,0,0,0
"25","Scenario B1","T","MECTP8",41737200,1984032,0,1.617,1.359,0.855,1.152,1.152,0.969,1.168,0.852,1.578,1.676,1.605
"26","Scenario B1","T","MECTP9",41737260,1983757,0,0,1.348,0.879,1.262,1.176,1.055,1.195,0.852,1.676,1.77,1.703
"27","Scenario B1","T","MECTR7",41737260,1983756,0,0,0,0.832,0.93,1.094,0.852,1.098,0.852,1.293,1.375,1.312
"28","Scenario B1","T","MECTR10",41738010,1983185,0,0,0,0,0.828,0.875,0.844,0.875,0.648,0.875,0.879,0.875
"29","Scenario B1","T","MECTR6",41738338,1982688,0,0,0,0,0,0.953,1.016,0.965,0.664,1.391,1.387,1.371
"30","Scenario B1","T","MECTP5",41738338,1982689,0,0,0,0,0,0,0.867,1.125,0.77,1.141,1.176,1.148
"31","Scenario B1","T","MECTR4",41739000,1982445,0,0,0,0,0,0,0,0.879,0.672,1.062,1.066,1.059
"32","Scenario B1","T","MECTP3",41739375,1982355,0,0,0,0,0,0,0,0,0.742,1.152,1.195,1.176
"33","Scenario B1","T","MECTR2",41739627,1982025,0,0,0,0,0,0,0,0,0,0.824,0.852,0.82
"34","Scenario B1","T","MECTP14",41739728,1981542,0,0,0,0,0,0,0,0,0,0,1.887,1.875
"35","Scenario B1","T","MECTP12",41740022,1981257,0,0,0,0,0,0,0,0,0,0,0,1.914
"36","Scenario B1","T","MECTR11",41740147,1981228,0,0,0,0,0,0,0,0,0,0,0,0
"37","Scenario B2","T","MECTP8",41737200,1984032,0,151.07,217.131,1432.456,1681.963,1681.234,2688.416,2584.447,3860.409,2029.22,1915.521,2226.182
"38","Scenario B2","T","MECTP9",41737260,1983757,0,0,0.779,1132.982,1300.527,1417.291,2272.845,2325.367,3595.221,1604.994,1488.707,1763.103
"39","Scenario B2","T","MECTR7",41737260,1983756,0,0,0,1172.021,1753.386,1528.614,2670.494,2547.833,3594.498,2746.979,2811.01,3111.883
"40","Scenario B2","T","MECTR10",41738010,1983185,0,0,0,0,742.486,716.359,1523.758,1924.533,2803.168,2863.756,3347.226,3490.813
"41","Scenario B2","T","MECTR6",41738338,1982688,0,0,0,0,0,1.134,760.283,1224.023,2021.392,1334.239,1644.469,1762.57
"42","Scenario B2","T","MECTP5",41738338,1982689,0,0,0,0,0,0,854.91,1067.331,1884.396,1740.192,2064.608,2229.014
"43","Scenario B2","T","MECTR4",41739000,1982445,0,0,0,0,0,0,0,463.23,1047.107,1201.595,1617.917,1738.312
"44","Scenario B2","T","MECTP3",41739375,1982355,0,0,0,0,0,0,0,0,549.836,846.513,1167.91,1275.876
"45","Scenario B2","T","MECTR2",41739627,1982025,0,0,0,0,0,0,0,0,0,617.002,1058.616,1193.261
"46","Scenario B2","T","MECTP14",41739728,1981542,0,0,0,0,0,0,0,0,0,0,120.44,159.534
"47","Scenario B2","T","MECTP12",41740022,1981257,0,0,0,0,0,0,0,0,0,0,0,34.586
"48","Scenario B2","T","MECTR11",41740147,1981228,0,0,0,0,0,0,0,0,0,0,0,0
